12240374
12240648
12241018
12241045
12241063
12241188
12241230
12241319
12241549
12241558
12242184
12242235
12242246
12242247
12242263
12242315
12242348
12242387
12242533
12242715
12242816
12242827
12243018
12243238
12243361
12243558
12243621
12320848
12320963
12320964
12324397
12324705
12325056
13283019
13283112
13283149
13283246
13283250
13283261
13283281
13283288
13283384
13283394
13283398
13283426
13283459
13283460
13283622
13283631
13283659
13283725
13283738
13283747
13283807
13283876
13283885
13283897
13283904
13283971
13283976
13284011
13289932
13290041
13290075
13290202
13290266
13290354
13290376
13290378
13290386
13290390
13290401
13290405
13290548
13290575
13290585
13290697
13298125
13473249
13473313
13473345
13473348
13473486
13473702
13474273
13489651
13489665
13489670
13489687
13489690
13489693
13489694
13489712
13489717
13489719
13489733
13489742
13489752
13490564
13490694
13490868
13490918
13491259
13491384
13491449
13491512
13491554
13491609
13491613
13491616
13491634
13722463
13722484
13722495
13723016
13723046
13723736
13723759
13723759
13723762
13723775
13741448
13742890
13742962
13742965
13742975
13743534
13743552
13743590
13744244
13744250
13744423
13744631
13824608
13824679
13824693
13824696
13824698
13824988
13825007
13825012
13825035
13825085
13825095
13829411
13829449
13968907
13968916
13968924
13969034
13969043
13969044
13969113
13969127
13969285
13969293
13969374
13969512
13969521
13969528
13969584
13970331
13970341
13970420
13970424
13970431
13970569
13970591
13970625
13970769
13970801
13972411
13972548
13972558
13972607
13972692
13972832
13972866
13972878
13972884
13973043
13973044
13973055
13973152
13973180
13973200
13973930
13974157
13974161
13974169
13974173
13974211
13974689
13975101
